Eigvals	5
49.400595854383745	29.625729400289373	21.29017802756738	18.11614713339488	12.599034610337766

Proportion explained	5
0.5730963269573054	0.20611108707241024	0.10644415935667761	0.07707169829965588	0.03727672831395068

Species	531	5
4b5eeb300368260019c1fbc7a3c718fc	-0.07656628126254673	0.021454931533859425	0.2729379233524316	0.3570557415869933	-0.2563312200707896
fe30ff0f71a38a39cf1717ec2be3a2fc	0.10805989085104004	-0.24054220734113557	-0.1708979267324244	-0.05330127270982271	-0.2217689569827818
d29fe3c70564fc0f69f2c03e0d1e5561	0.16939767335164918	-0.0705364021275063	-0.26445904154083827	0.0765007363526145	-0.2631901755626472
868528ca947bc57b69ffdf83e6b73bae	-0.11291565220526882	0.20313055813596123	-0.10604121194111449	-0.35995450265465234	-0.13358595296722103
154709e160e8cada6bfb21115acc80f5	-0.1296859464494995	0.17420349991809103	0.15544628548802142	0.03227779161231112	-0.2801570305640861
1d2e5f3444ca750c85302ceee2473331	0.07435316464216184	-0.2987347798337674	-0.11267376231336532	-0.04219506582012629	-0.18640465771725848
0305a4993ecf2d8ef4149fdfc7592603	-0.0833067559493164	0.12361036103529381	0.15882592068742904	-0.1412402846429794	-0.26723594844008847
cb2fe0146e2fbcb101050edb996a0ee2	0.179178699649585	0.14655160674547887	-0.18391504429737254	0.1254079805922412	-0.11819322504685469
997056ba80681bbbdd5d09aa591eadc0	0.023374641599027184	-0.27875661279210745	0.034140791911252896	-0.15757360531759226	-0.10024335335759298
9079bfebcce01d4b5c758067b1208c31	0.2129238604783314	0.10560316633407558	0.012959548856114219	0.03164487933271706	-0.06823347778693042
3c9c437f27aca05f8db167cd080ff1ec	-0.010022091835007456	-0.23511518892993055	0.03205748640378572	-0.071145425891548	-0.10730997745155788
bfbed36e63b69fec4627424163d20118	-0.10596039317924177	0.07043004022262224	0.06615182370057279	-0.06623550501122086	-0.17622951528467692
90d32ffe026535b392c0bad850f213c4	-0.05564270206194644	0.020738764622335162	0.13904452318642269	0.13844147586220568	-0.17178493378125703
ab4ef4399912b0507d8d1187e874684d	0.04941147666515678	-0.1892632740508453	0.034438194646651925	-0.061457535605451155	-0.0923620053459588
d86ef5d6394f5dbeb945f39aa25e7426	-0.09264862990196149	0.036905055998605336	0.1188348838678824	0.04631667136749464	-0.142788513877503
a049763053c277b16c2a318f41eb23b4	0.1545375022823329	0.09347918624033696	-0.060668296963509345	0.008337542535451494	-0.04578946434396054
699071a4a7ce68918e4cd93a61275ecd	0.0368066166202105	-0.13470099238957928	-0.04306149342673614	-0.02521793215114814	-0.1139329281027279
cdd14cce4ec44b3235923652b71e947e	-0.06959583868762935	0.14992763840949527	-0.0596061430231664	-0.20465315048355265	-0.05841030421147666
7e598ad34909a3fb8ff1623f1ede11a6	0.1605622129509655	0.1085114596511365	-0.09336208781544464	0.034453492528848446	-0.0738504974481777
b44621e5c80607cdfacbf7a81e1cbe41	0.11094199301130342	-0.05727445247145035	-0.09294948904038902	0.07140735981871715	0.023695119526229567
e8e6b7fc969005938de8ac7ffb94f17c	0.039818672474331254	-0.08692542348624727	-0.017219588057578193	-0.03092443768638656	-0.07617501319927476
535696cecf56f03d3401d7d6dbe66d7b	-0.04980763212613243	0.05038972580933696	0.04505133837131588	-0.03297418440028221	-0.12796589136727063
9f718b8f66b79c3de80546ca9a54539c	-0.05182692690858706	-0.10373162757046216	-0.06719095849730007	0.009287422829846275	-0.07981056329403077
f352c1f1efecf483511c2270aabd0ae6	-0.11223509406531987	0.0026358282384665553	-0.1604341774396713	0.08337103781460077	-0.0299610140653143
909755d7142ea53c7f61c97c3586f26c	0.12645495220255648	0.06447669812287223	0.01358229537895703	-0.03767996980520355	-0.02468186073104873
fd86856409fe6433d719558a30910515	-0.008711308617570608	0.008184077999771831	-0.13662274177377	0.07596390287065201	-0.07601291349445413
44ff26d8105cf822417b4b0c4eb27c02	-0.045114174186326135	0.05720804461442042	0.011594751233910605	-0.07675133561725052	-0.09952921665756767
ad41fe8f8be5b01c96549309937e3b14	0.09156358371906241	0.06308678331017328	-0.050962994879689735	0.014322353362414032	-0.049210693988962044
ab6b063ed43d8cb3008e157a0a305c47	-0.026865055050295586	0.05702290763270147	-0.0928232008789602	-0.23125816288305806	-0.028489193149863232
fcd4f95c05b868060121ff709085bf21	0.06774648641789714	0.07220707071704968	-0.0705103533999074	0.05843668862946818	-0.030313586006014914
57b34afdff2e84fb9b0befd219edcb38	-0.0281714058808311	0.004643891821482461	0.10520419102145905	0.12396495734073745	-0.10105479950673654
047b7fb62a5e9d2711e639ae1cb1519a	0.04369321153370235	-0.09847161110405872	0.04546584426441828	0.014014304635681707	-0.020190999819796447
0160e14a78b18b903618f11bc732746e	0.043438892509292705	-0.028137155653927878	0.06584096279170554	0.18695606849012408	0.022390894385173804
d2613a43f4ed1dda8a673e7fb251ebef	-0.05150717678431142	0.03216638801827696	0.023681104731747418	-0.05388277825095288	-0.10119170503981736
e7c8b8c8fced8eead4b767bffe6dd544	-0.09029040959559297	-0.012555229896755343	-0.16793038171791363	0.07290816193602402	-0.051420365219728474
e31b5affbe5e23b79a8619589f3b6620	0.1250723471126738	0.09426292133377545	-0.007746676750059556	0.016974586595395788	-0.0311226245311613
67e23140639733766b7e127f50221289	0.10183733779832081	0.06003676775824081	-0.027671370754574102	0.007063100804969181	-0.03803002539408076
db793caa585e078770021a7979ae8ea2	0.10224270055949553	0.07431802453649895	-0.07364717971875678	0.012253304666393372	-0.04847463520427
7dd9c9124ec3f118a6cef1f0d422c011	-0.04722821389089467	0.05599612561433929	-0.04101239538781493	-0.1544376762799883	-0.059709702501344906
01e0b7ac306895be84179f2715af269b	-0.04858924016858978	0.04449067382800305	0.02347857663535367	-0.04185175024498492	-0.0918828402476448
1685b25b43eb070cd7655de8c2d8c0a4	0.13708249463170571	0.03415738879237335	0.12000477165804595	-0.06540291267525855	-0.00047746645102258913
500d6b485cef4c52aad211d6d6e6dbc7	0.018450419985636814	0.05172787226301681	-0.12899173965230992	0.06297616407970931	-0.06818330617511034
ee0fb26fca3afb05e0b288d6fcab899e	0.008552178827665402	-0.033700539968164564	0.08816456000928921	0.13133887561881455	-0.060355106481560374
d1d750ce3b00503c204516d27ca0d3b0	-0.011780780127549045	0.0561106358106951	-0.09159944714634996	0.0478912384898802	-0.015044761735643031
ebe0e9790089ad4f40151cb4a3231a8f	0.00857480930730195	-0.02569469777892573	-0.0009550632406399657	-0.0038902907145653494	-0.028525626690150095
54d098d009b89779530eaf43a1bb136a	0.07962360718221692	0.029474678792261195	0.03564187475559194	-0.008708618484879674	-0.017857756751994906
0a69950e803a5d9e7166c450e44f43cf	-0.029485857958187596	0.03592057949717989	-0.010472755371284033	-0.08274564441919692	-0.06359562869241674
b685f8246fb6fad0fd91574c444b8f51	0.05835970919789767	0.04377336775998321	-0.020120204545109138	-0.009187987339043222	-0.021537485119707895
636c27859c1ac0a7994ca8ed145d03fe	0.17056463578221556	0.0519494416013389	0.08027643071495003	-0.04197671229880688	-0.02204990565589339
79e9e337b10e2d298bb1b3bde946782d	0.01976042040803042	-0.02753815806146891	0.08164830474394406	0.17282604125004572	-0.018843842546352952
f35ce9c514e1398308f5f84ed50b260f	-0.01523427734145291	-0.056750572766005106	0.04178058094333456	-0.01721638640971583	0.007289633026544008
e5c80b4a23b96b2fa35b6da6cac2bf73	-0.0849919158167083	-0.0014437411634040645	-0.11033713856034946	0.05719055387258477	-0.015962405718137795
9118606a87ac19f8d041da20f16f3236	-0.025783448551570783	0.04296425152173313	-0.03259321624941468	-0.11887854954760961	-0.04552024024377841
d8e8459398f3f096775f4298666880a7	-0.036286064613848736	0.1260858621150322	-0.08309781199147052	0.08060843915871642	0.03912721305328752
fba3d9b3872ff9021d66434323fb9565	0.020570711339910765	-0.09548696210727149	0.01167753793996262	-0.02907897329878103	-0.05302472311395309
4fdf8dcd9451f5742982d716fa9f0536	-0.12349587687362304	0.11100868116462988	-0.15644915818306032	0.09230912158329047	0.024337374236575785
ae27459b7f5465815b1f565d792083ce	-0.020661544659595812	-0.024121013062532944	0.025446647974019587	-0.011642253430109675	-0.005933278344495201
4ea5683e2c2a183c11c45dc8fbd0c67c	-0.020087995755463554	0.03224966437202935	-0.1250133831186649	0.0648848814543048	-0.05415534935576094
6edca9464612efff71d8f97299f01663	0.02300918476436006	-0.06895279952859518	0.017764095473713357	-0.01593942302957023	-0.040031485622548185
41fedaa9200e2933821f84ecdc0b0772	-0.011002659254123805	-0.031500344082323196	0.06502252258693526	0.1022471888293144	-0.026767758628624835
469e4ff2129066178b74b112829fc03c	0.11311520883358206	0.05468159439420578	-0.020942102828650236	0.0073159627534516115	-0.050146962079070115
41735c13fb7f63db49b10fba5d959ce3	-0.042357817982036965	0.026320159488508736	-0.1327497379812446	0.06222840102257392	-0.041338411869426266
76174505aef45f134d8068d5ad2c42aa	0.07459480658332758	0.02731972282188148	0.03458640698946462	-0.02076579350138979	-0.012668294627087977
b8afb7bb30b7a9170b7c6dcd40251d54	-0.03262687719218767	0.03794834719615409	-0.028905196436986875	-0.10872134574282402	-0.04318891720950593
4c4606a3dbb4f5b8bb1ad1db6dfc5617	-0.011572761767150509	-0.007525784457744394	-0.013918817167568216	0.005855967384852219	-0.01566303671308319
3ef461f213bfc675ddf0b1bfeef2dc52	-0.02608858061286135	0.010101581725731446	0.024247462068534367	-0.001499800853312142	-0.05198827604546711
1f50ac250618ced095a2a5c34bae7651	0.014425496644834623	0.011217163123348035	0.04305955422622305	-0.0049918157212440065	0.005729582658679807
b3d4d129c955517b446df657236ba5a2	-0.011049402376433332	-0.004815887808098323	0.03888449316428813	0.04387124626323215	-0.04329564103125405
fc15824cd9e9c29e1319d32843452b54	0.008029755333886817	-0.0096234939791113	0.019241203295540174	0.05339308986519146	-0.0016881242117521209
b2866fdca13681232057e3e85a1978cf	0.02225119410087294	0.02717611348265792	-0.027555920093577123	0.01484969706178235	-0.025063552259405392
f8f937eeee7762f446a0e87292f98eb6	-0.03645237514953851	0.029710729529407235	-0.02319984256998692	-0.09229178311303488	-0.041964124343158014
052128d7d424728578efe7852b0afd0d	0.004555070657350537	-0.018341050289088123	0.03566181185930092	0.04966362245501281	-0.02969277752130128
2514cdaab96a1a42cf15506f2ecf6439	0.017424060343054635	0.013336299644743498	0.038434341770948746	-0.017386003914512487	0.010706034552447983
fc5b641a0b0408d99ddfb2a5ba64da59	0.0635982192519022	0.023308208554377527	0.025205727844940167	-0.013985253578312722	-0.0217729485142347
958bc15b660bce0b894665d13f910f5b	0.053437492782990724	0.016464097854902236	0.01873007710797533	-0.013794419455078963	-0.006462835849442125
e063d1c3c9daf7390e5475e48d9b01c5	-0.02074509943063245	0.0022052262646872177	0.04941394385321238	0.051682988593888736	-0.055093476982789776
e0472171de6fa02a1f58e392ad3d000e	0.06792882221248801	0.0398511018842001	-0.016607787373061542	0.0020013443585273306	-0.030395829769006708
2e55763e77234a7bfc3a311067a0c7e1	-0.03170227373422387	0.017312985749237942	0.0012952422284310977	-0.033312251427439425	-0.04401811213231688
5ada68b9a081358e1a7d5f1d351e656a	-0.025151797578706572	0.012787468258567808	0.005092611614382546	0.014407522670519078	0.015986264107117832
162ed46308ef9dd1600fb0fe7c90b186	0.03108100162056381	0.025355991826937867	-0.02446321875088416	0.021004787944533258	-0.032125636513240956
1b448e00c078f81e49a61933072345d2	0.06867128597684959	0.027769943431803893	0.012178859001498364	-0.005384979500652093	-0.021530560323427494
9af77e369d2ba4b3bb6e0e808ed84d91	-0.07723661771862615	0.0008399947778691866	-0.10693891129909398	0.05496700457460543	-0.02363886339325543
e77bac543df42865af751a32a2942fdb	0.044800397477623016	-0.01961590419214252	0.05276512340908601	-0.031476686717235594	-0.004066394518756768
3ae3e825c5e3862af6c17798e2b40a37	-0.030138860125396117	0.024574938736901777	-0.018997470595167876	-0.07514002642434243	-0.03616309195197976
f8a71161ac98c5ceafcc75e57ace7230	0.04919911485228232	0.027956606539153873	-0.02151065838995761	0.00036791476334046587	-0.026507545682566275
880968796af86b3d6270c228fe8e7026	-0.010735994110401551	0.012252702696702101	-0.00680156101920739	-0.03321930050297932	-0.020792992920435484
81351ef6b4d49a3a6b2fc24745d70305	0.03149894100882791	0.00523363085605742	0.015206295078149554	-0.0015094826318834773	-0.007053088280721379
26b8b1509edf09c438db1634308c3c90	-0.06360454404291722	-0.09200695916608236	0.03268879431093292	-0.02578049553473471	0.016559614733102527
26133b4163fdcd22d86f4e04e74154f1	-0.017280294743419716	0.01711341454168059	-0.014625448494377823	-0.05631811656992349	-0.029156536928620063
c4aad64f84f51ff331b986a67af4ed3d	0.06475258553456906	0.015303960094042012	0.036971542199872136	-0.022373454142326894	-0.003352568707511586
29a92aecac56c855cbfc0debf9bda0c8	0.009157376142483749	-0.01686894539596314	0.010949739899499562	0.0412163726418167	0.010006585613179592
e737a3a864791ec52f1398d83786f4f2	0.04538165859454267	0.014166751824925971	0.02071215183554663	-0.01555176900017813	-0.0052251486218953805
7a5d5e6f85da7ca91daa2d803e8f9279	-0.012049570541522024	0.01824282522753644	-0.011180353593418587	-0.041956171194916854	-0.018890150424949934
acfe4c003905a7074aeaf385b78ad9e0	-0.01841776982211546	0.02484425353948171	-0.016925228411347734	-0.0595769886695423	-0.02410214675928018
75258a676bcd7e73c2437d6a2012d490	-0.07694948597991824	0.02874715415583652	-0.0799229034442242	0.054762218941959914	-0.0021481511108618397
5c82bad13c4ebd2ed1bd23a8c2e37fc5	-0.022103939778491472	0.0861970525674814	-0.01907674753422313	0.027429706315867768	0.038569815036490325
401d7866836c54f3cd18bd0fc814885e	-0.007361258527053194	0.02874900565725551	0.022787756243965503	0.0020151671989152853	0.01744282826931507
684721318896ed01048f3502333c214d	0.060649094198838745	0.02284207267119506	0.01091390559866944	-0.008301660510382242	-0.01978900457189822
839fafb762395fab1ba257442ec29e7f	-0.061765305703882764	-3.146815677831149e-06	-0.08314138192204605	0.04219514398927876	-0.020443798673262247
6b82e6cb771d45d6c925405b66299d7f	0.051974258869137785	0.03219954448501827	-0.02175472350436462	-0.005748717152777274	-0.017373266677342694
eecc4a4317225eb579540e82ab785716	-0.021881923828308492	0.017892361125266047	-0.007154218199484367	-0.035793070249656174	-0.01540461035994805
a895b66cac813ac67ce1c908259b646f	-0.02419499235027311	0.015419584706776842	-0.0380128860897287	0.020968201315951986	-0.007632131986477941
f59a4d48a03cc224462bf83e4d4ab126	0.015499356734955541	-0.017649452220711768	0.024757326106233785	0.07213086208354956	0.013098320147247128
79dcabe7f92f8cf2723b796dcd2f239f	-0.07892852326423198	0.034963677264220415	-0.0948457522739829	0.045021323664422304	-0.002919037069400582
d781fa7e866ac295ce9a56bd97912983	-0.002518280113631444	0.011160058490462666	-0.012385645978978883	-0.03394392788038691	-0.00508650888016548
0b925631436d3775231b60f9d0011cae	0.00850155062350153	0.00242337427719687	0.022096376437268517	-0.011886013781192311	-0.002302228627485586
4075a90811bf9c19f02f5aa2ece6da37	0.05170630161774046	0.01595763562602837	0.015092587094391596	-0.013176594093299352	-0.011779858946006394
2ff525a1e58c54525e7f2d68a6c0b23e	0.005629944958625396	0.07150855534690577	0.006126064851695151	0.021885485033484545	0.03528289959600956
f91c81859bf6eede55eef9c915dd8bab	-0.0044530736864373316	-0.0015944669982047863	0.009033605869196902	0.008845018789607664	-0.015980009924126206
a5551fc60aa8bbaab737487552ea2a75	-0.012701655676405306	0.0032501064532852626	0.030226490284788136	0.03529950536209334	-0.03252304771854217
a4c08e2c3a34038ea877b16d01736837	0.008786499508215976	-0.0171661228147487	-0.009041615858740757	-0.017855499047576266	0.004341055660090498
4980b85712efeef1fc4563a9a949fe2e	0.051007819837909474	0.01547730264138426	0.009387751373709457	-0.0037500352184227296	-0.016238474324674915
5601f094afc823d75ccb34440645a99e	-0.0041495244878531215	-0.00021534813926412784	-0.004642437398393575	0.006360744157849209	-0.0053555942761757715
21a0198d0a83a8f3ec0e401067138940	0.018100440548893135	-0.0073146126845675475	-0.04460791142364953	-0.038622285381385735	0.04394813711698537
56c98126dde3abb2d263088db55e12c8	0.02021794403730265	0.007621920821328671	0.02631491755827142	-0.005615683074952035	-0.002241700623564568
393e6e2cbe258ed27a4ca0a2ee0d2cdc	0.026350541773895286	-0.027315706492553448	0.005910764874979916	0.03719181916158386	0.0225354296191939
a659784c026bd9c8cde94da36aa656d7	0.005204737577541825	0.02785724550093955	0.0009722887006082888	0.01282078001724578	0.012153794610423681
f16a387e898dbae6432b2ed0241120bd	0.019774105016934593	0.0023963338864151033	-0.01027967208494612	0.01446322922749976	0.026016172309361325
3125abe90c7ae91aec06eb104d71845f	0.03446775789224921	0.0051746818203468724	0.028862465078191537	-0.013300038891187301	-0.004999263126220551
b383ade799e9c83c649cec37705a251d	0.001843441285778204	-0.0014435296154008575	-0.0014905246819889376	0.0008159320545840907	-0.004916668221491802
1d17561d16d803f652b0d6bdd671c1cc	0.012558936904330503	-0.010139972142541	-0.007866081550225664	0.005624983489504802	0.01328105235095616
b0f7e29de400c6b517b39230dc1b4365	-0.07268137197077641	0.09143639733779309	-0.020955824067155213	0.052401276691677934	0.06362097071657886
3bf2fc236887eda11c969b84d30f9fbf	0.033221231617735894	-0.05717733626404262	-0.0038309051938384907	0.01959503261008537	0.005903892111484083
3cdd97ba69a504117de24626ba790e96	0.037412378301592004	0.06534501021386087	0.04904867176512677	-0.014051613450065992	0.02514573420345287
4132561a08d25757e4bee9f73ec4a70a	-0.03088962125109131	0.004158951877823056	-0.05772042572039052	0.027408339030791956	-0.014306525498770302
3a1c2d5547ddb7f76306a042f8bef6a4	0.010353577149550172	-0.0021997360809055994	0.011136883050723268	0.0014314220080008297	-0.006291155409673571
30faafef155964edd9db9374f36c45bf	0.01086666886472704	-0.008547063284311504	-0.02378784187953592	-0.0266004521265413	0.01959444069517448
b1e22f094d8c64fb56dbacf680dab8c9	-0.0633928046632254	0.03409706588406905	-0.017022825871146757	0.02857795485803678	0.038824372960064586
b92e89d105e0a6e09e5984879c4c7809	-0.024737279322327284	0.0017808906888137823	-0.021045909959490055	0.02204672805845438	-0.010025696035164818
ff3df50eea7490dd794148649c480fd3	0.004997095432832909	-0.004177412793958137	0.0008117302892845504	0.006975263014887672	0.0028688715734735953
3982159c2603cacc4bc4893003bda323	0.005348583905416998	-0.0027137247495599127	-0.008288157586861763	-0.009182265055480292	-0.004349417707026077
846cbaf603b77be035fe0cb61d14a23c	0.004203587654917632	-0.014596464818034668	0.04390526917739067	-0.020142014837209465	0.013369930949814694
a5df9a825c3d8eeb228a6781c3db134c	0.03445312316335227	-0.029649340853944876	0.005289141002801128	0.05791069631326495	0.047782437243109585
8da02c7114ba0d9ee40312926e037a8f	0.009528067916826526	0.0033981358989532543	-0.0005231217460484769	0.0007726346660249102	-0.0039312945157261026
7eedfc5c8d0d6b8852fabb20d52a8c5d	0.01837353147728943	0.0051352311849530655	0.02029492315927477	-0.007433093622116409	0.0005808862118742708
145f11599b92ad3a4c93896b0edf8c0c	0.017853195724276898	-0.026362042094479586	0.008964078630157347	0.04200803432053606	0.012191128494816163
87899779aec8d38dfaf48d895cfe8021	-0.005261257588061915	0.008875074157924774	-0.006804580508078057	-0.0211634873528094	-0.008004262224433687
9d3ec96491b522546acbdfa3b21b6071	0.040258220208095524	0.012359208616180851	0.007008701482640525	-0.0027483892331993786	-0.013343509057832386
1d284bea12006c939c03d622ce2abd5e	0.018071429520438633	0.002978762570293312	0.007447176561054518	-0.0029528291838081884	-0.003371709584518039
d46bfd723f625e317606ae28580eba3e	-0.03272738659722293	-0.019067368459278485	0.023836500907835737	-0.008607041357419023	0.014449465537130975
d3e265209c342d15d93a910e38ad9be2	0.006068250912129412	-0.007602303184543348	0.006003715073856838	0.02848599508247005	0.004284751058165484
e8fb2b3d01d369dbb5d3764548193ae9	-0.09428697985323596	0.06317164117465265	-0.05352670729611485	0.05716705761750405	0.030034402654895202
1b963d0d7457ac133aed9497f03b5a64	0.050318644241263574	0.019113309974936873	0.006371657793602937	-0.00563198711847685	-0.018373857905417394
fb4f7d9d3f91ac2f22a542fbd13019c1	-0.0016682497552694773	0.0021605008011124846	0.00042624988743999396	-1.4067361416753842e-06	-0.0038803022062870473
c4f955168102011d272b685aa772c10a	-0.011136907633069766	-0.003529200773031761	-0.013391957197001156	0.00966548559736287	-0.0014477078534355346
185df2b73b4805164470dfaea2d05223	0.024105334630334853	0.009102240883500874	-0.003268081664240751	0.00020231598612886233	-0.00913940927827074
513de43781dc4c2831eb83b23940d66b	-0.01800059649700059	0.004398843174735151	-0.04005592595477367	0.017863017735328928	-0.011775969741667305
24443b70088636edf08f0c9572d7faf4	-0.046239937786063036	-0.0003619213727274561	-0.06932860646225551	0.036733553495741214	-0.01620226415526873
475741f076c42d2c75d2d63c14fe4d3f	-0.04006216246762514	0.01068211276535228	-0.046701765475256285	0.026638434382954733	-0.008557387972002672
848587c4a03949500c5815bd6edb7b6e	0.021731608575694183	0.009074512588388779	-0.016090436944351007	0.003726019580077241	-0.011470572657057847
2f4c5e75c0e4cdfcbddbe93ef1f410a3	-0.015611878495109893	-0.03199128660993102	0.05711127124407874	-0.034280099844995957	0.029214426033702265
ed950935b660fb10449d5f229dc13fb9	-0.010323528848496433	0.0013801491306651955	0.023291021012830825	0.024887148127320853	-0.02647523741266641
626b8ee112be0ec208bb16445611d001	0.034495729746225695	0.02005362431159193	0.005282833613626882	0.00392835939188365	-0.01583317471245772
bb370945a6777f712cfd963c55f2ff54	0.03433648409691741	-0.025143348829683474	-0.0255912027924477	0.020323707288369686	0.06206530931675046
59fefb91cc66ef6930b0201e4bf24cbb	-0.003141526180551962	-0.0029058229035710845	0.002116066796370913	-0.00015515515803070845	-0.007401858936170501
1f0a072da4906270a684a389c1586582	0.013723420238687814	-0.02494151406988263	0.015612920277799848	0.05979217701083874	0.014583422697846404
aa668eb01ca9dcc59aeb1454b600c8c8	0.014424346519591206	-0.002818848529594226	0.00912922149699755	0.04605051491196502	0.014479616716637219
8cd2a871fab61bdea4ef23a295c371cf	-0.0363996076412712	-0.005048228362998377	-0.01567989815738618	0.01686278477667928	-0.002371816753264947
3a69cb2f27ac76a05405efbb5088d249	-0.10520781789293837	0.06898424114890073	-0.03985402532134586	0.01871677758040458	0.06264739586750584
44543d9c6bb193c64d38c9bdb6790eec	-0.02258915229113679	0.015223933977877897	-0.003915050334452831	0.0008940969708139985	0.019390928246354886
5437cb1c86c72638cbbc12896f88d1b1	0.02931869625500768	-0.021471530952852726	-0.054815160608703	-0.0612182245012034	0.0580257661824137
724c43ad3632cb8c5c6230c874551bd2	0.0409117967318224	0.02084431058152665	0.004428336060497174	0.0022345356165588116	-0.01619691356421284
9590aed21545774c71a124f2b5200691	0.07277914752414784	-0.005726362287500281	0.09961088700752291	-0.05523989570331613	0.02049408101943171
cba5f5b1153235425628bd77a28257c7	0.04206115660144557	-0.026179678669552776	-0.019999498826723115	0.0436445477979489	0.0705728688684915
2fa276cce32e900f0f68d30e460b8f61	0.032377892541001686	-0.022841656832495026	-0.027888645256096935	0.014154250915482863	0.058149041878132246
24523c45ca39b6c81a01ce286c0c092b	-0.024932926239532954	-0.006918406010374	-0.01323479460823495	0.008623880087124251	0.0010031465990817169
91d0b3b7c0329b9a164b6e04a181f1d6	-0.007090009906565479	0.0042930596610809705	-0.000555510186631359	-0.008428535270031907	-0.012817946303004379
c99439f78b73ffcf55858ae828aac608	0.02479293555308892	0.00777621967379547	0.0036889722306844724	-0.001574933238146369	-0.009088492373266387
84755bc954af6d3b39bb4c369e5992e7	0.004264328181574049	-0.000492245925199535	0.0016965816315362681	0.013082199896975143	0.0037706136118951504
063fa4f5a6fa894f7f8243468324ac5e	0.003701182447831254	0.0028210113476202295	-0.0013965157410967591	0.002852029031212391	-0.006448740101094045
49232f27012731b0a65805c0919e2bbc	0.004289040009790227	0.03182634858715982	0.01381032167383009	0.013764451421049128	0.005039069372451269
4b8228f4d7d3809aa6827e8d9e11a9ae	0.03993307459137916	-0.03156035483922469	-0.04703563070935995	-0.00013136504832692762	0.0876879022771309
f023384b8f989d014dd2ead7f10db307	-0.008484519589210369	-0.01240864303167471	0.009680087120991207	0.016147576548187194	0.011653652674130665
4ce1be9cea00a1eb7f960600e1ff3cfa	0.0016322013478050738	0.006840387474990627	-0.012081063479554708	-0.0010790722258894221	-0.002682456644301361
1b75626f6834620dc2c729a1a81f497a	0.028647179995019437	0.018018709359936724	-0.01038530958230542	-0.004246428637323177	-0.013283729930969015
b5bf6383b53e0add0d6589b73949462a	-0.002953229954825541	-0.019513700235398876	0.003808464373432264	0.03188343338500784	0.009900231416597526
344b020d867e3210563eaf40b0c557ef	0.027952615343058144	0.008721199004094274	0.004338187653930558	-0.001653904000098538	-0.010022772541363233
136e9f5aa470119165e59d202fdb318c	0.015288179655811038	-0.005770022420378048	-0.028536235126874428	-0.0251848572622663	0.02992965845647488
ca96b8fd01aa6c508305bacac37da6c2	-0.07863756911229162	0.015877279033041525	-0.00021151587375953045	0.006677610008311182	0.04637170559984211
07b2b1c3771f46d82c90b20a79fb3d04	-0.003235725771762309	-0.0046142115444681745	-0.002645512310537935	-0.001957838514535723	-0.0015778739342928035
dd7e1e45831871f719cc3cd68f568e7c	0.043460987088331626	0.016821121174119828	0.0046741704253912214	-0.005496012774760253	-0.01704236722389242
51ddb685cfb1775931489ebbd3eef6ca	-0.033610352364541365	-0.014359727999149268	-0.004051869670987983	0.008110284115911663	0.002567080176310149
16564bc936c839c893f951bab613a30b	-0.0363916774949804	-0.00029342969173813357	-0.055063908668449506	0.029105853166521027	-0.013381605950781028
4a5387c4bc61f2d8f3d9d2de983ba556	0.028009501638360138	0.008557775781941	0.0044895913099337395	-0.001796038480228898	-0.010020447243945591
c5b61a414bdb4305544bb4f941e0bfc9	0.02348308764392449	0.007935980215146883	0.0028182934425959798	-0.0008335551848526256	-0.008900882173765643
465e9cab9abce306c1e0f7459b325c33	-0.048562682615365796	-0.027755020721757277	0.028839242542540458	0.024582804842368782	-0.002694489459443741
7cdabbffaaa6cc6d9f478d91f312a8ee	-0.025921700959958355	-0.002515840909195308	-0.03909149976040902	0.02039040259851567	-0.013356992333952666
3e2c7eb0316409806267a8d9845b0b13	-0.03597780681068586	0.03952543101177672	-0.04118403383594206	0.021481339085145365	0.012253375087975039
77a517253ff10afeb78a37bc13d649a0	0.008074166591769266	-0.006730148303000939	0.005720340245687255	0.027003506243922237	0.005869227396545801
62bf37c50994a06e6c8c93355ad1caa0	0.008893390483515477	0.005364414713086942	-0.003866992276014948	-0.001169799854779639	-0.005389559279986079
fea5c05e9b8245c5ca46f6673f59e0bf	0.04134814029545274	-0.03214262453270547	-0.032291201286056004	0.019722634842579127	0.08222061199835996
dd222108ed685d6a936d2011ea220998	0.026576221045507914	0.010483283366825016	0.002237402086013058	-0.00398371277565615	-0.011936727951205104
30a88dc67e6a522087c3dfc8019550a6	-0.010549171707220143	-0.0011362735510886048	-0.013304155166115675	0.0064695554293299614	-0.003419290022306318
126d3c82f184c4d9058cab124f287968	-0.0012059139846768308	0.0031229043225982395	-0.011353739861240617	0.00850585380196881	-0.00784810684139982
9616cf56be891f816aa7abc6a13c9e8f	-0.015193396764810822	-0.00041016412933719327	-0.020498330736528493	0.009886449740959853	-0.007802832039789025
ae881162d813e498f40bf33b8e42d54a	0.043904039285775624	-0.020909466946981113	-0.05698723104380747	-0.029998391688784244	0.08448084120928841
32875774cffdc8c820f91d8e86f9a0e6	0.019453733144986336	-0.014507568930733867	0.011765402737333308	0.04196351057631847	0.012745845233611571
14d168c89e381de6fc3091837a557e48	0.020580985605124048	0.010600362493568025	-0.005767294056233253	0.0047408627986210905	-0.013150273243504564
868a4fe285b85fa1b8eb40071d5397be	0.006464993784670865	-0.005227765605877073	-0.003364221373025701	0.00018176452114547967	0.002779245687561742
38aff035451e491e5905508b9a173fb6	-0.07005192449619921	-0.034919553423309824	-0.012009456616036467	0.004546517500511686	0.020452851399488242
201b6484b6abe3d4c587464be6cbd574	0.01768050545660985	-0.0038109484996930384	-0.03892849481952	-0.03678248203429823	0.03973585824767208
67f9c74eeea5a4609bd1d2fab66ad3cc	0.01473049506385271	-0.0027180648190542017	-0.021283567478174722	-0.013838727101594906	0.025434083576484925
2e202c4e4e803dbc6d54c9e3117afedd	-0.044403387313431866	-0.020652601223201367	-0.008734859187860959	0.0006251983797443252	0.015663733832239683
0c4b17f88dae47697d3bceb3663f47ce	0.0036684180278772254	-0.0020551562110563346	0.004107194512255353	0.014651268745511516	0.0019258507758232873
fc1f49989e78fa71bc6404ff2a148576	0.024143542365310612	-0.015675954713395095	-0.008593847800447372	0.028073539994202115	0.03703469482255598
c18826df5af5da174f580164c805a38a	-0.016239218931710115	-0.00023435297117476098	-0.022608371459247555	0.011091986644684079	-0.007850251885434997
919764896275058362e55f0849d2b38b	0.0012669892069271408	7.184826970272728e-05	-4.634569188246554e-05	0.002009875448147627	-0.0027075103927884955
4b13979d719e78a50cb0eac34d72dec1	0.014345857616992341	-0.00555792561205347	-0.010163043948388326	0.0027852058567309585	0.018402174038894357
0bd7addf1b999f01ad58fec8412b8931	-0.0589881379902548	-0.0339425226754407	0.022005457945066195	0.0034729781422021206	0.01693954926756198
b8b19c4f0719a5d5b965a0f50f05827c	-0.010604555489611882	0.011154855225984086	-0.007194202042682601	-0.021527867710963967	-0.011051326583686773
1c7d1f74c2c43b872972f974eb196915	-0.07784686452628649	-0.037692216158392675	0.017870401427134773	-0.0038148009235480494	0.02154560796384181
d8f7f446987e67092b6256c10b1ee69e	0.00028421798308609383	-0.0020219442078968012	0.0027820047117568117	-0.0038037578162745172	-0.0012867475554246685
9e1c6b703a4312cce306c7757688a351	0.010508370855099288	-0.012006273435267726	0.006244260437279765	0.02689297737712745	0.008856656711014325
a0b0961c7ba318abff3e5a93f09f495e	0.010352066695723257	-0.010269870954260291	0.005950142201557081	0.02711815227996789	0.010016370622677639
96a7dbb0e2c57e289c05b82e2db880be	0.0353209666012018	0.013590035598173058	0.0036047314511999393	-0.0044145325940592416	-0.014287553985851364
24dfe6a7325e4f2be7dbd522ef613e42	0.0049771063486558605	-0.001584692606180693	0.0018096837945184782	0.008497815651164005	0.000294526750669401
1edc5497d3daf6d914427d32b71daa52	-0.05708502821295111	-0.026432215776509192	0.008735695751313742	-0.0030349292524818328	0.011534610321403915
6fea19332b7fb980e2124d0339c596c2	-0.005671157932115391	-0.004410543499879863	0.009270863777857649	-0.0010436372865168166	-0.0015150778238672664
55937e5781c91185e27a91216008e4ca	0.0059150049948610214	-0.0029847978928499255	-0.014236580551120835	-0.016910867311996786	0.008630962647817856
43a9c44adeac51fd3ab95081da56d02d	0.030116998236325604	-0.015803603378137958	-0.016960823695311544	0.016237189470610012	0.04640071554139537
f3194c2eb241f821239009ca55dbb30c	-0.008194741586397316	-0.003920471667273722	-0.001418690456664049	0.0008056602031096367	0.00043914808908185977
ecf9eb9fa3970ff27a221e626395c75d	0.03384432839450907	0.013003901396412706	0.003410730164407847	-0.004218346975469093	-0.01378781783825493
823698689031b0b9c2c5152f92ffc70f	0.015336167939168397	-0.008371980834773746	-0.019687506070985347	-0.010739054014034063	0.02389272036868706
3b65e1db6742cc44493248fff266f564	-0.004811522896097816	0.0006920596567604424	0.011513000818427226	0.012843175743393175	-0.014888262506648271
10710d3d706451c3536228e4b7d146db	-0.02397366304877339	-0.014521221514758794	0.006262544329844341	-0.010659603566887731	0.014044267819788037
b428acd97e6af974db1b053a2bc2b5c8	0.021791891909727617	0.013199021764514964	-0.008939507100086896	-0.0022343552945276847	-0.01036682161069476
7f4909ae8d31a3995fa2c200c690a21f	-0.023147669074814706	-0.014238309284375672	0.0055007712925206585	0.0006340353083720725	0.004047784479788497
e7a3af060bcc6686986ddfdf5536fac8	-0.0012420182545553851	-0.00854943855220183	0.021768269477613005	-0.009558356413660964	0.008119908125195576
aadef7fba5a0754fb631409c11fb331f	-0.009409660945934118	-0.0021725609635408027	-0.005330000498766242	0.005024845536392499	-0.002399024509323061
b00d44992702bd3743d7f353638d42f9	0.002563155957365931	-0.0018656097450193726	-0.003780522600931969	-0.004176487099818243	-0.00013700404353018383
e22afe3cb91239d19aeb01ba79015173	0.019284862586917785	0.0064478948321455044	0.002123169254061343	-0.0006507633497526826	-0.007737839989069944
dab4d3e6078cfc510502a47c98e82081	0.01623170177814502	0.006685070730406935	-0.011561362021855112	0.00016932639356258202	-0.008391681560134773
7dd981802694dec3ecdb61ee53805956	-0.019959746270761244	-0.018811458118038006	0.010182841811998036	-0.014837584974188767	0.017870056472133834
bfdc8d2e7693336b4f3781920d3fa253	0.014545765462191359	0.00629813744268973	0.007841524324714038	-0.0011311302394947306	-0.004534751278896607
0dcaf9358eddf685864afb883cdf2363	-0.021956358956114332	0.1233194437189789	-0.016613388944642878	0.04455870369311252	0.05425950644744549
9b0549bb6e63f681bf133d2c7996055d	0.052629999299566466	0.15708547574797177	0.07615385698206013	0.01305618831862629	0.08893990648049585
ed75725613954c459019eec50b431f9f	-0.01416912214766668	-0.010346729774227776	0.009688669180342217	-0.007871183130407683	0.008525587487723174
9f1913b781d2cde1c8a4c57b7dc2ab83	-0.002311938963384307	0.026201824604690414	0.0004008754491629468	0.008783041446897602	0.008861312829402328
4fccea69a702bcb90cc0147c0fff2995	-0.04182312323977428	0.08104123084264764	-0.005028449678367337	0.015829243742504263	0.05437912075570546
7f99061140cbf6c9081a204380efd8e1	-0.02511070182828575	0.056814409646512076	-0.019948925317712446	0.010394522140177664	0.025984518266267728
50e96bbd1a8267119529843a1acb43a5	-0.035322100774866874	-0.025137552120528317	0.016543279220100595	-0.011856252933277323	0.018393483366336724
2de266b1ffa8e9ec6383c98096caf8f0	0.030136897626438387	0.011532280274884276	0.002923646506109981	-0.003725779063222557	-0.012533118372184786
2ca928ad9749bb9726c35d6528fefec1	-0.03769349641176021	-0.024459612262907042	0.014393602985050487	-0.0076254832766224565	0.016104120604179088
5a02c9985adcd7543dff8c846cff62a5	-0.024910405629297732	-0.013117474206516605	0.003920185600811991	0.0018169219875791905	0.0057601269474333566
9acad60e1ad588fb9250aab68dee645d	-0.01894666251029203	-0.0018726638974821863	-0.02919764903226052	0.01514514163631905	-0.010588699637392554
cfe4948493ea1b183b006512be10924a	-0.02690279039545442	0.0354264012658652	0.0008553949421463919	0.029059604414490247	0.013139371343704506
53729ba7429e5bd2fe96229b14452bdc	-0.003034313447389787	0.11585407747925834	0.011774487664666483	0.018419984265902613	0.05738938944927795
9da7a39de7e82006cc9533681adf765a	0.0007611482856686693	0.0024965164020639657	-0.011091031882867766	0.004458580443684301	-0.006166150791454593
7ee56e891d069e18c3c8eb866924a26c	0.009103575982772238	0.004495929630151066	0.011932900872688074	-0.003313008591134173	-0.006434031633144543
955d8fcbb35e8bc04c8df0c6aae34d34	0.018940114689795007	0.008134215429418657	-0.0005091000801704425	-0.0003487547556221198	-0.009514458345632979
c04b03fdea7f81c8c52fc540c50a24a4	0.04274455864379837	-0.03254064535010837	-0.014464131115836483	0.026312718314239297	0.05335643791610452
f99678fdc17d27a97c79faac3f2980a4	0.01680356098427695	0.0055683829918869105	0.0017123259239338318	-0.0005427268183080006	-0.007050440338589566
54a5af5112600a1faf06be268f95616e	0.01526367110230594	0.004453052933201492	0.0019832064585729252	-0.0009183598664314623	-0.006547906092520506
8b111e12f8f73205bac732c7479a97e8	0.01772961077143219	0.012468847924636867	-0.013162873949542749	0.009233841334751027	-0.016893986634258645
3add7df323955b22d1cea664ef38165d	0.013882846148336238	-0.0023004347152577645	-0.04499368839356657	-0.05091511982673326	0.040282053835516286
a1b971c01ce0b220275c218adbe717c1	0.05659421991411318	-0.026910390675987023	-0.05688289210001914	-0.013362166834532955	0.10584366536133596
01b99cb344ed2530f7d80897ffe257a9	0.008712186261926333	0.00517229970123906	-0.003145984391630828	-0.001097210373586093	-0.005254373734207835
4ab53e40e06f3a9b0b9b2669d8a52f65	-0.019781467530355173	-0.0001779106895552949	-0.031004875048919085	0.016240869883096847	-0.00862424539874461
66a605fcdaa020dbdd6136f241ea79d9	0.005980867198950849	-0.0007705785963858053	-0.014973204458621532	-0.015742938449602287	0.01043375829652261
0be23adca941c1335eb04db17dc66e98	-0.028520661571552346	-0.029757373534344465	0.03456588468723795	-0.01510838707208761	0.02338253348076393
e73fc2655e1cca4a2b1c419da3630c72	-0.03327854186230142	-0.020375531767544145	0.009065737016958047	-0.010676006296394156	0.015907588092337013
7a20f7055ca2c7462cfa6a7aef16ec28	0.013437895887437459	0.003799721972280008	0.001674598308288398	-0.0008423364093836377	-0.00604407332142477
39b5567d2d979a9172c02435a5ede59d	-0.019186535831426932	-0.00017377311896626767	-0.030143147125170827	0.01578008182696803	-0.008453849925016998
c57b70d65a63c4bf9f12c179c2416839	0.00897553673203836	0.0006034030067678149	-0.018907835161588928	-0.01825125531776502	0.015097999148055978
5df503c1ddf8f3f4ac9e49e983e3d7fd	0.023834945617984257	-0.025557142890867263	0.014920347183714521	0.05936412260221493	0.022808199369890623
28560cffcd31045fa07dd88557b43e05	-0.04912696040287494	-0.023200207749096015	0.014496430993935765	-0.00036229650897372234	0.010895610715570467
da247df6fe91b74bf38d3ecc1c05b4b0	-0.026609176560124456	-0.00986257400390891	-0.0124875069038019	0.005124942808758899	0.004687997085837579
6be3ad080a12e28c46c9ca4f94710ac7	-0.009155122118328836	0.0414585066443025	-0.007000368282934121	0.008953533190394053	0.020022583131050223
95f07780b7e9b8b504c2563e63950663	-0.002327086396086439	0.029824723832394973	-0.0005355838288958852	0.0030000621848695337	0.013663669024552601
7f2aa6f3481a4039dcc8d1b8be32beb7	0.009457635735926055	0.021122024193637477	0.0416398480947906	-0.014618353779127595	0.0229058314957427
41cb0c62655aa8da8968a06cde0f14a1	0.0022356439600685965	-0.0001803842979336015	0.0013327596330916104	-0.0011042873523557527	-0.0025300195696019287
ebd1dcd162acede67bb633c42c7b2ac2	0.012086827591453811	-0.002667258139457948	-0.02081901897168521	-0.018237635754642833	0.01877827607098455
88b4862756df007aa0c6bc2ba049708b	-0.07231895936091674	0.00808378912581563	0.0036192322532258648	0.017921161481038592	0.03540159465138654
498ae808db957a63e20e836e1bf77f54	0.0034501370045101083	-0.00021363094562931742	0.0030618581705287996	-0.002012008464950879	-0.002232478386675082
3b74a95b189e134bb34c191b7693455d	0.010037503193706812	0.0007745221815017571	0.007509632218922126	-0.0035702441458982004	0.001039030953115945
6be678de197b54f9a04f6c984b91ef22	-0.016688947596745395	-0.00015640314583838916	-0.02652551920632335	0.013845643252351271	-0.0077385111202572
80b20e907aa4fcf2309796bc303d151d	-0.004057456785388438	0.0029073683827774426	-0.0013616547807950132	-0.00468295348507463	-0.007446136366256564
58d6cee566e26e231916ccc2093ae053	-0.0917459482190677	-0.0436685654868567	-0.0005493598799650437	-0.001320399543359391	0.023173665444220823
acba6a53153faccd2c02a9c0e8a2d941	0.008543576387430151	-0.005362689318373855	0.022515718173047785	-0.009006181192314316	0.004868957152357966
f094a383692eb30761eb3d5c93240236	0.005616403175468037	0.0019745845586224987	-0.0001309953459315894	-0.0001541357422425053	-0.004099514777857804
ba0941f03086680ee946a10dfe90cf12	0.0028295245891016463	5.5269571619606306e-05	0.0011152568692002806	-0.0008226571921393246	-0.0020271516701355413
c9f68eb27669d95f1e365fc085b51ee6	-0.016032678589979928	-0.00015183899276708366	-0.02557494735137076	0.013337348064063592	-0.007550547916242364
7fee9350277038eef98dee70b4190563	0.07928591092216603	-0.06823571518690044	-0.028392426901693264	0.07675468362171206	0.11270971095915347
1a4ff0ff25ff4e919711422c2f605519	-0.07204598616911821	-0.042876637189544056	0.027700745569339585	-0.013981052422489065	0.026712937213759662
5042942b77f5b924b8f8c11de37a3626	-0.0289697340823791	-0.014895349352549082	0.006747995280369166	-0.0022694772733942727	0.00858895617998344
5decdad9c550489629ce441d32a69a1c	0.002699067956590707	0.0019166313527800582	-0.0037237440694912983	0.0020944567600037554	-0.005144955391934112
101968ec709b68fcd964a68ff226dcd1	0.009299721691612759	-0.0005100006652210086	0.011964931646006143	-0.00677639442744768	-0.0009926490700193455
bb173654871d294466912ef22f685faa	0.004972168588206196	-0.00017875871816683026	0.004905829488857818	-0.0029291586323305896	-0.0017510131083204288
f9bc8716f02b0a22f03b1a686895aae1	0.019070491579035113	0.007139600303885518	0.00146973788879982	-0.002255500354369288	-0.008787933464465556
34e40677eda6fb724e9323b0835d5ab0	0.022525825693366693	-0.02612726753854139	0.016234205075975488	0.06525663041814303	0.022957905178604902
ce0a68ef210192a51f60ec3eb8e3e92e	-0.04117792126390147	-0.02320512575812932	0.023603710239539423	-0.009406022882646383	0.018402274536617066
48eda83fda558aea8fdd32b9c8dfff98	-0.05324045019829179	-0.07243760977469434	0.05257025206162955	-0.1027963399923984	0.09031883711060856
0f55566622d8244073432b2e67b24baa	0.041214113667687007	-0.018944708873401314	-0.02384079702855497	0.0037988942318805583	0.05499518285837738
956d0a6f5a8e1d2fbb39df909cc14894	-0.0020704870636965122	0.0029267438797485495	-0.0025685299766581345	-0.005588820517847675	-0.00488915849708136
5fb5ace22c46fefb30969da7bb0dcb74	-0.07825367007590914	-0.032417995634083346	-0.01228367727535945	0.008569499337512027	0.019052331903081223
0f2a155a57fe6d0bf34767080706b3e1	0.0011781462581517848	-0.0010347097941758557	-0.0004901972531508683	-0.0017839177348298839	-0.0007773897681383323
aa9f89f9af07d53e077462471423f3ab	-0.06712721249644918	-0.03380135070924602	-0.001405665904203231	-0.005509284828521588	0.02104791250522122
921966b15e5f1508e8650d053443c385	-0.03480706914447927	-0.01633775908567691	-0.0073874112602611295	0.0018938644464483003	0.008236217175841776
1a5ff65c7f309159df626f810d96ae8b	-0.001957762955396705	-0.015997854263968322	0.03544998479592854	-0.021822453189396126	0.017402437630647374
f32674aec6d3fa6a7aa2323cb35699fc	-0.024742049926751157	-0.01149007377964668	-0.0018209608248918676	0.0011342336489371088	0.00723492906451212
ecbf086d6ccbe5e8c2a69d0afb144662	0.01750632087218987	0.006518721103741372	0.0012642365489895	-0.0020476851994368373	-0.008258573842264824
1c40ac02c49ea9e03881b0f183373417	-0.0032446083310069466	0.007506557775997388	-0.001930933825250825	0.001620193808004322	0.0004436590656860798
3f448350064694e647b284259bdebb91	0.016697364626320946	0.006197615418352516	0.001157955571058844	-0.0019402075649094057	-0.007984800160903801
c9a1082e87563e01347729352358bbcf	0.016697364626320946	0.006197615418352516	0.001157955571058844	-0.0019402075649094057	-0.007984800160903801
816b94bcd935ca38afe71fd1e3c5356c	0.009507939309929566	-0.0011442774271924023	-0.024565925648261926	-0.026418361646060297	0.019451537545717518
bfbf3b84b315e741c4345ebb43e2b9cc	-0.031168588044755644	-0.014055916240101336	0.0007503063834594794	0.0026759358965093598	0.00979984901095178
37c7d17f9e371c1e11a0e22b1ce15ab0	-0.04238634885044247	-0.036054707988186704	0.033851159320045954	-0.019489209965668358	0.028081801042292766
fe98555e63f547c33b3987391cd34d5d	0.06856070353794588	0.1564582145859385	0.14401146837258227	-0.05165820967168032	0.1250932169405426
d329ff7ff76454d2282c9f01c2798588	0.015021426603965377	0.005532371494362936	0.000937770199010956	-0.0017175430448229372	-0.007417615316907243
ee7ce85e38500b28d9d79b63c7fbf9a6	0.01678632156587162	-0.02075168832795692	-0.02918884622069346	-0.014163355339276412	0.04426066625482234
8659c05e82a2d1399cbc3fd26ab938e4	0.04273196138675343	-0.0280851850183808	0.06435805075537858	-0.010850559610270713	0.04370608979110809
3677e15d86603bf0a6bb50f8b010afe7	0.01699526221202891	-0.011868188100433887	-0.008039478737325738	-0.0010786780211682542	0.015526352013653015
30ebe1a33c21c25c55e4fdbb5894b832	-0.04578892769598337	-0.019938598811704938	0.0075041581318239445	0.004042902274053878	0.009306799875178334
30273eb317696f87e7b6fd37ada4bb8f	-0.0453986037811267	-0.027148189286350183	0.011791225345756032	-0.01282275128825268	0.02394072641268285
54b4964000ad1631e547c46a828ed1a0	0.03617848809106455	-0.018686898210313344	-0.03358433571520952	-0.01032426278689376	0.053365541768520354
55ec4b057c122957d25013675512c73d	0.002023340284748301	0.0006372482255885015	-0.0009661873623701325	0.0003342067469501233	-0.0029845930022770915
072698f9668d5a094cdc1a672acc4747	-0.03044918838583691	-0.02641513891543133	0.05709051749182507	-0.023940903954427384	0.02673956448878035
8c43291754ba53fa1e206f0ac7a18772	-0.010158721965178598	-0.0010623169180774984	-0.016732259401991797	0.008536569968646959	-0.007100892107097737
a5185df881810390f29afa3ba3ccf522	0.01388389270997574	-0.00024734285098382074	0.01685358640313793	-0.009084773945825821	0.0006810810218896612
1893b0ad352ee7db0f565bc4594e6dc6	0.00027552390023205325	0.0006648403576165324	-0.0012969351357405646	-0.0012071847489014214	-0.00319518170063959
d3f59bdb915bb43f2ecd96ad9296ae92	-0.005195612763396421	0.09573284825273264	0.006302778112688987	0.01979630812161555	0.046403368765432836
2b148d88c49e316f85b6e7863089a886	0.020402688379925298	-0.013927011941371819	-0.06353572248487535	-0.0857262213864812	0.051681937217450916
cbb7ea319a7633cf0917c6e5cde0e923	0.015285552559132247	-0.01120632845559684	0.0069697083150008065	0.03317684719338422	0.013483433210875348
a70441600c181b747a763ce5a7414a3f	-0.017411177528780665	-0.030566450049804	0.068656974808449	-0.04189822410195626	0.04216840767370432
68c05655a58355526692d3a1f0968aff	-0.005350386764298237	-0.0014966655002539477	-0.0037966176648120183	0.002845667664372686	-0.001355792334345713
f8026fa73c97b3f69cf4369cf194fb8b	0.011409227414767987	0.004098551430136342	0.0004631981016092708	-0.0012376275657356532	-0.006195144911510173
edacf632dcadc21c328669befafe2af6	0.013611689579808357	-0.0005606110820669827	-0.03319178975784236	-0.03489146477772313	0.028141781739923283
e2c355360209f0b71b70b85ed0f9532d	0.020277191275591782	-0.007642091587454725	-0.02433635137386729	-0.015544993071601922	0.031819712679512335
97e0a84031c426df75af82aeff951f26	-0.020459213999688537	-0.010752200141950597	0.009427902095627789	-0.0005974509632059011	0.005618110850106999
1f926dee6544b252d38067cc7753383a	0.019586327181579936	-0.0004505297124237871	0.02517094176644962	-0.013482414677903383	0.002011338168860583
3b795f0122b28b0e6a07bec73894acee	0.0015915328228041266	-0.0006039879909681042	-0.0005836263821694146	0.0012507201185754878	-0.00224493525549326
e2f0caba18b002ca9762ed56167c6188	0.01837409033298862	-0.01595222734799516	0.00917020130601784	0.03844759110323348	0.015391678005205325
02ef9a59d6da8b642271166d3ffd1b52	0.015009870204999033	-0.0013358538829431586	-0.03420184860504182	-0.034153751619720715	0.031037211838547865
3bb6760ebcd348e0c695a5fb5fccf994	-0.010539670368512655	-0.005213081685296057	-0.0029336536269580805	0.000668663949875643	0.0008236508165913441
42872dc875fef6070dfa78984184c096	-0.011580734179210855	0.08852383790594602	-0.006091254666804442	0.02938819395671799	0.04003453520434628
7103ca740aeadee8bdf7cedaefac990b	-0.005979736441169548	-8.192381117060656e-05	-0.011013778428851316	0.005551117006833603	-0.00467126640730847
de391a8294254c47e8f460325eea85f8	7.735755617030531e-05	-0.0002813269853288645	-0.0011236608999280668	0.00024622800276886183	-0.0024257940735973684
1efd43e712291698f34853dac3b67f54	0.008433818077734759	0.002917497622393998	7.22876961346043e-05	-0.000842315756316758	-0.0051881822087491885
c7ec57695a6d83b461eba523752755ec	0.03065712178987529	-0.02042772270738513	-0.05115851938588418	-0.05612989559174173	0.053842938250378905
b1141c1ab18997c3339e8229e0b9f41a	-0.042340252541367696	-0.0179627338777232	-0.008544581596009845	0.0030482439536386368	0.010101049536480918
dc7d3610c77e7c118082f25002f26cd4	-0.020323270194327555	-0.008361569407840537	-0.003996296778252556	0.0027399311226527093	0.004212047591744871
4516f28133b919f8d8039ece23d8dd2e	0.023429639629731727	-0.00045902746187208965	0.03023463340946191	-0.016076403972541363	0.003090119832783937
2cec2792e54f61e12e1a0b2507826118	-0.0043701616530379015	-0.0003353339384804329	0.00907625088916567	-3.848195222967219e-08	-0.0012216610582813953
66fb1fc4317badb5dfaec2bf8e5055d7	-0.01033125499740869	-0.0036730661144331197	0.007829123356929932	-0.00014282944382555015	0.0007653984739697832
bcb349a220a0c33a6b780dbc29a25f71	-0.002963737410071006	-0.001020525853692973	-0.0019069658897923585	0.0006382883669003794	-0.0016208156904979605
ce1d8d111ba2aaec28d68a04e483bf3f	0.02447299813822446	-0.00043512241573321296	0.031498682845100504	-0.016705113942131734	0.003420166134119728
74c2326ccd0bc2bd9e0f23f15b79ea16	0.04752988013249998	-0.020268975277354426	-0.030949777353849208	0.009270849550215458	0.07231779864609934
ac809fd715cced98911f73f1dfb1ffb9	-0.018040006531756615	-0.010913740146301358	0.002124302831260734	0.0032560545531134556	0.003394096745561398
22ed70e219c67c2bf4e20e0b144b12bb	0.01478317938148523	0.006989682323976646	0.0015641250481468463	0.00046414442075544567	-0.007072847127128538
cf8a25fe1a1b134a027842e7769a285b	0.007031274310717499	0.0021045389244630248	9.427240087445908e-05	-0.0001172388585328658	-0.004343205379062924
04c7e0ea3038f942f5a28778a74cd1c0	0.02533904210354971	0.06539528325260237	0.05353157537999095	-0.02792490790145705	0.04512153402346187
a875cba4e2e4da128cec805cd014731f	-0.05766723523615635	0.13670394836525934	-0.01773452705344188	0.027825552630954823	0.09283174618941135
b8329e527429f07e08f04ecf93563779	-0.0021170728920712136	-5.5060150812899825e-05	-0.005418909225716089	0.0025593967278923126	-0.0035649538902839998
d9efe89c658c7996e7738e1bb777c9f0	-0.0021170728920712136	-5.5060150812899825e-05	-0.005418909225716089	0.0025593967278923126	-0.0035649538902839998
e0f1938338e6f9b8cf8408e672ee6cd1	-0.028015964047209768	-0.01741377029295621	0.004766005990748468	-0.00040588230791790747	0.009458877145033996
c1dedbc2ee20ed310022b9a1976d56c4	0.014079028000895754	0.006630897317151641	0.001438015930632705	0.0004478596576200568	-0.006848036336180469
d5ef913e6aee3067001dc610ac8af1d1	0.006519775262418882	0.001923235100381002	9.580571337734479e-06	-9.49680539855167e-05	-0.004201503835547495
a621ed0faf5f6d7f3ad8f5e66cd41faf	0.04162961142677134	-0.0011822532157743225	0.05709577910482934	-0.030327203397268784	0.007229770235956091
1c0a00b159b2154357cc9bc7499c58b2	-0.023211682337880808	-0.014473570135092699	0.007203152948446691	-0.006171602430049339	0.011604625422765516
6de4955c509e8f32f905760cad0beeae	-0.021376634415578778	0.11093896942030904	-0.017015896716911217	0.029376877399917147	0.05799491086725314
8f0a7d866b4e5ebf1e34d0a44eb950a4	0.03370632285252692	-0.03795337381459795	0.024927160147141286	0.09977976423790662	0.037796793558157675
d8db52dac1023a8fa0e56e92670d7ac1	0.03346691084293649	-0.03725310072059156	0.02507556112057748	0.10071848102345246	0.03738257982716754
51757b1a0a985640893725af5d87d350	0.0040247509616970455	-0.001897314733822728	0.00034732385912779416	0.005435507316550089	0.0005077057157690755
c5dfb8aa2b481cb89e2602fc20941587	-0.031338703867431796	-0.011774899268007415	-0.004933096967196727	0.005499720287024067	0.008357826127359967
726f76e9275bfa07ccb329dda324c58f	-0.0043382541290830625	-0.000525604305436434	-0.008476127144961206	0.0041595514127344135	-0.004790831923558935
41c686088d124f17c99dcf9bf3acf9d5	-0.004206558909797083	-0.010487221409014705	0.020310895793674334	-0.005499820230711172	0.006400973562468217
01ce91fd8dbecf637eb5e67cdab5c5aa	-0.014642216791044407	-0.037556107805713036	0.08459154983658525	-0.031120383513186262	0.03443002322156397
c2562f279f2b32428e71ef8e8e1cd3d8	0.005443533152314483	0.0015417548007615235	-0.0001686190042673262	-4.8108186387546084e-05	-0.003903350459299058
d51cd90e95b57acb614698dc580759fb	0.004322538273320174	-0.0037289469089394956	-0.006863427726674043	-0.008991033995105166	0.002453207713206263
8c255f9dc0be58d1389877ec645f1a17	0.01181644326658431	0.005478046521542166	0.0010328011259608477	0.0003955333290951359	-0.006125672540938352
d12759fe8dda1d65fe9077cc1ca9cf28	0.00032214076323366524	-0.00030233746390079583	-0.0009934275413032846	0.0002353987607099828	-0.002442961102237685
44f993a57b632b8fde0c34ed075e1d66	-0.07067731995478932	-0.04038531152201704	0.010861394598498908	0.00040828653809750015	0.02224662628865986
6401660183a33dded59f163fc63aab4d	-0.027550213348531905	-0.014846764098356552	-0.006208653341871505	-0.0006126926002585654	0.006431871282534237
1e9fc37a1112b198ed3d0543db7863c8	-0.03741244318543756	0.015888684497880837	-0.001292548242374422	0.006226503433925065	0.014900647852124567
685ea779ee012329ec2a171f1823f8a8	0.03362722227525958	-0.00043947344521019826	0.04349262624727947	-0.02283786659868138	0.0060122121348703894
b1413b635612c7db2c140bc671789ec7	-0.0010058676684552355	-0.0008294748212514361	-0.001167901791969887	0.000411837481097256	-0.0019935254756774066
b0ca0d2568c23c26c6704017eae471e1	0.04341110777540083	-0.021736268521314654	0.09840462125120435	-0.08400764287746736	0.05891379758627855
1a8d25f7529d783a219ef689701dd4e2	0.03855446137158224	-0.04591165327981957	0.0299865683043681	0.11724270698718985	0.040529589622964504
491ef1635067f62c395bdffd58966092	0.02062570940213717	-0.0022586042470463773	-0.04503539414826439	-0.044769696253502175	0.044736824987266985
aa24dbd408e5d69c6b0d62846145a244	-0.01257582668182219	-0.01937293502829623	0.05492966661448452	-0.018339570694863635	0.014230214791818432
459244e45f29ce28991de0114a16f9fa	0.034158982464916804	-0.0002132007077629585	0.043233444120443	-0.022541722223866932	0.006484140094939259
bb2704c9052362b112da42bf843e7d9b	-0.0023859679629752825	-0.0013772894320419212	-0.0013492198913022191	0.0005951971075580157	-0.0015264604889025735
7595e123b71bdae8a8c1c28b7405a5c0	-0.07832257855829658	-0.03425965515223683	0.0010317168147440364	0.005772717699868628	0.024016946313676804
cbc2f795edfaebaf35d10b85062b426d	0.0030388868554475307	0.0006894138811902873	-0.0005667700760000641	5.659075266456464e-05	-0.0032371867723711848
b1e686a5c5f127a8b92de2863503a9e5	-0.0389149891289084	-0.01561708095062405	-0.006698506593373292	0.004990735796938271	0.010203253255604158
a03aa6a23dc8f296567452ec2242a5fd	0.04195524834565243	-0.0007988077255958979	0.0559037037002727	-0.029440596310817076	0.007866166588733601
d32d15407d86a2044eead0d72cd3f9e7	0.04428133179457474	-0.0009217253239359347	0.05946538417614575	-0.03134974230414042	0.008351996516427726
d30b3fb9c1dc7d9f0d4bd6ce8e975238	0.009095989502583113	0.0021311443841210923	0.0009901963650245618	-0.0007472052298998471	-0.004855191344361819
1e00822422afb942c9955cd450385a8b	0.0014062627529066781	0.0002704316242447366	-0.0012022998394770567	0.0003662348665533081	-0.0030178705964270885
12ed71ced0f4e45c0aa5b37144e6f84b	-0.10488640344251017	0.09355518520048314	-0.03395151924995702	0.04076156303124521	0.08892000237048948
684b032107a3a32f6664dea4ef723a42	-0.13254320760217791	-0.06261666514941931	-0.001325067689761621	0.0016656647518513705	0.043483599025259785
3d6f762d8cda1915ad93d014e391c118	-0.09935530456271881	-0.05677870428979005	0.006337173702976356	-0.006147372083498198	0.033217431004913374
87a04eba5a3dc45f9e899d8ab4c050b4	-0.022871950810175425	-0.011771213102457035	-0.005286051113244902	-0.00023683213402427486	0.004756974635004164
4738a05820f1a7840410c66476953498	-0.061063684281173064	-0.025912662137267093	-0.00152618949567186	0.004760227420670374	0.01927960161345058
0effb4592c11dcdd619141df770563e1	-0.0335494391486803	-0.013128536034989334	-0.006342969504176615	0.0035798999433788044	0.007720518257935974
e2cbf79a06f1221cf49d1bef8e5db9cd	0.04005832362781294	-0.000542051447998479	0.05233867353083791	-0.027432918650930126	0.0076920127308162485
3d6555a4886c6e4a89104136dd5ca39e	0.03823220121326925	-0.00011987661894734765	0.04816822906557702	-0.02499617408731234	0.007772624131329986
74106ca246bcf2da5c4f95b82aa6867a	-0.005320003930261407	-0.0025419205663487956	-0.0017346946477915872	0.0009850120660216755	-0.0005334997050387055
955280212814a2050dd2f640e10fc25d	-0.0006542917325344129	0.007505817658327276	-0.0009656828361571442	0.0016151934299617407	0.0018071876624743783
e80d9134b601511a2702b54268b57249	-0.02132407940298979	-0.016162749399134334	-0.004847426006397826	-0.017119347707878374	0.029177124663799146
3111520c8424a2a5bdd46558ae7650e8	0.00731701168165067	-0.0008220020204057304	-0.014403176779871817	-0.013658199032580736	0.010607541926942807
867e71db0537674539934bf97db51bc0	0.042489907963955874	0.05050862138637159	0.13501617352372686	-0.050789373545911995	0.07144649960259829
c961cc0ecd0ac693e2fb7dcf7794c3e5	0.0010890473200315992	-2.5146056654325094e-05	-0.0007776878056378073	7.819578630397688e-05	-0.002636813838635974
e6df6369108817c93a749fa640528e92	-0.06068128569628154	-0.025841230609399288	-0.007896083733211953	0.006409180995157741	0.01782649991247171
f351326f9505ffc18da207391818c48e	-0.00027002731529174014	-0.0009822577179717203	2.5964825829351423e-05	-0.0005444043377607724	-0.0015928935958149967
d1c7ee5172f16dda522e46aaa4e5fa79	-0.00027002731529174014	-0.0009822577179717203	2.5964825829351423e-05	-0.0005444043377607724	-0.0015928935958149967
9548347b69043c274ff7a1ce599a69ef	-0.0068841746371066425	-0.003162799766492938	-0.0019401959876019072	0.0011928272209541268	-4.140082837972866e-06
02878fe3ccc81d4c884ca5574178d6a0	0.004921466945837652	-0.0021097645495656123	-0.01256767762900151	-0.013925753283186596	0.0076416310640299735
9f4cdae8a020a8d9c4f54e5abf5a5769	-0.05878815026490638	-0.038441119920597115	0.02711164748216843	-0.00387465955346611	0.0220907552757484
d9095748835ade1b8914c5f57b6acbcf	-0.014060097104338963	-0.004694375767461751	-0.004011587143125323	0.001326082573403297	0.0014121743748123437
a826883ed572461c97a23561f7ecea3c	-0.013584851619054615	-0.004681000044451308	-0.0038103724713165472	0.0011871335010215547	0.0012963939779094737
1ca133f4d30ab344f11e6624e841d9cd	0.05069147326771754	-0.0009746311724894326	0.06807440366450306	-0.03578772615725844	0.010096315109530619
6ffdeb862aed8aedda8a8624fa960c57	0.04807154015385561	-0.0008348854649928657	0.06405729644647636	-0.03363365695371482	0.009550955685390468
8bcc747f27b10bb3e1182fe530c7ed24	0.05069147326771754	-0.0009746311724894326	0.06807440366450306	-0.03578772615725844	0.010096315109530619
faf2bd479f04891ef2afba2f407749ac	0.04879386184142046	-0.007915390089223906	0.08455209806675451	-0.041043435190663925	0.01793695164054847
2ab2f3551b7aa27fd483fdcbaa1a0afb	-0.033227666036650415	-0.010649136853927531	-0.008252581228533866	0.0041068552844802896	0.006645078368279455
6f384c926424d43c215fbe9337d55324	-0.0011662439122374479	-0.0016519991908887453	0.0006826478184528393	-0.001031271130220411	-0.0008310397481769127
831514b8b3617bed49e2a4bd9d3d6268	-0.008521123129804326	-0.0038125672543863516	-0.00215525890047817	0.0014103116062182664	0.0005498496011935175
53dd9f9a89854c8ebdcfb105b7a26df1	-0.008521123129804326	-0.0038125672543863516	-0.00215525890047817	0.0014103116062182664	0.0005498496011935175
f4eefbd4edf2a372131825289fffcca6	0.01852884200422232	-0.013079597592124195	-0.04750197323849794	-0.06291878807693443	0.037779187699066276
752621a2dcf600f86357e9c2fa1fc985	-0.04231653001971665	-0.01915537719708799	0.0027985255935923546	0.0027068569175601053	0.01251855957114439
6a9b2745a31a3e5ae16682a323c28a4d	0.0053717892580552856	0.0021943133695895164	-0.00012139618459358632	0.0002464891506536227	-0.004068120990260157
c81e310dae79b8767597762a093082c8	0.002961520638841583	0.00014751704798596208	0.0018783508158601234	-0.0013299127528509018	-0.001893656040959126
9df911e407318b496425698999a1d81f	0.04487093344984869	-0.0003016113706002493	0.05761992765968901	-0.029958011818363453	0.009399060982365887
5ed23cabf504db9af85bce57e9008ea2	0.002073937609374002	0.0006483777574608927	-0.0013695562095941303	7.115697184593888e-05	-0.0031990323804471
7cd67e7e02db4db794fd67ab72755f8b	-0.002106195335287993	-0.0023544236412835905	0.0013713765426397347	-0.001541896726720287	-3.20078950686055e-05
a3dc97e11838f1bf157aa875f2f6367d	-0.002106195335287993	-0.0023544236412835905	0.0013713765426397347	-0.001541896726720287	-3.20078950686055e-05
aee707afe3847427a6d3d34e31437923	0.020461141787152682	-0.012350693974414028	-0.05698974012206905	-0.07292901945038127	0.04631245853491606
31ed03e41d53de58a6348a242165c05b	-0.01639142072052634	-0.008748963897185552	-0.0045733677180592285	-5.703595035415687e-06	0.002626012943813102
458462fa1e15c439f12deec2f19af933	0.003969233827209706	0.00024043954036154493	0.003307757110097506	-0.0020877177006201676	-0.0014937091331796795
b901052d2411ea898be450af4a818744	-0.0030943700191259187	-0.003092885270434852	0.002095439800147974	-0.0020787194550089642	0.000808017482263341
8c5f2b5fce1b357f54ed4c8c047b6845	-0.012042864565031664	-0.005210481175066097	-0.0026179466239072934	0.0018782089007980288	0.0017417065433303766
33176e81f3e7ef2b9de1b783ff1ca33c	0.03551506503025269	-0.013313501862260615	-0.03475802876088482	-0.017290030607697904	0.05078557608982418
f66effc279917d65747b7c3ef8d62432	0.012193112171428723	-0.0065423666842862795	0.00010764958284141303	0.01083227534840539	0.007894078616597933
160029903cd9c779390f4719179aeea2	0.0826610389479724	-0.043110817647046044	-0.05094762418008292	0.03966003845503575	0.1337321690609818
0741ae033054073fece98b9948ec4387	0.007775649675344688	-0.007569408777841537	-0.013056093736508484	-0.018485673263667995	0.0077796496600771835
7fa8f515ee1ac5cb8b529b13e6a89790	-0.0014487588102828556	-0.0009012583263697871	-0.0013098152937916884	0.000251984038012165	-0.001993965852020479
ff8c7f94f941a0c647120d4e142db316	0.05286068613021361	-0.0007251583150259375	0.0698594413653418	-0.03651951430442514	0.011065909465120104
51588a76b68ff3041e8b272256df5ae2	0.051279759386227454	-0.0005851679605170593	0.06720053295167928	-0.03505938698060713	0.010815795460934412
a54095a893fd5abc045d162bbe20644a	0.0013036121041128848	0.0001594879612277067	-0.0010359994869222433	0.0001243799992735386	-0.002821292266714656
d985172bebaa0bbe61ff5f682d372c6e	-0.007067619424497637	0.020337399046506076	-0.006855744231681463	0.003525611809243075	0.008017828289992453
fbf110ef5de76f86121c8504a0cb786e	0.08542557883825834	-0.05221151231112597	-0.04136811282013158	0.05612676318280942	0.13239841814473438
f8fe4ee0ae3da9a1432872f5545a0d42	-0.00011468329300330523	-0.0007658661236269808	-0.000543534633638664	0.0003481478078749686	-0.002268490515716236
9b959f65abdb6cb9adc1d6160a5384ec	-0.03012661085009144	-0.020053403757746426	0.009234817512667763	-0.009898278818899788	0.016138892582629773
cee164362eb3296a3d29e33f7b479d2e	0.0018817451307798752	0.00041603736170065924	-0.00074644130572601	0.00016577562297843986	-0.002953872545501539
816e266d71b9a9af9d3d74893dee443e	-0.07311248438486165	-0.025515136325671824	-0.015369302578319137	0.007239785773803322	0.017679039682199374
480b52afa972e6deb75357ec39db1998	-0.002340391389062547	-0.0012173026997593114	-0.0014574480110422462	0.0002908059575369459	-0.001746955201498286
35b6dde81c92eb7f66ca9f741da3514e	-0.002340391389062547	-0.0012173026997593114	-0.0014574480110422462	0.0002908059575369459	-0.001746955201498286
ae4c61e598c093caa5b66b6919f02ba3	-0.002340391389062547	-0.0012173026997593114	-0.0014574480110422462	0.0002908059575369459	-0.001746955201498286
0a50155a2def454344e1f2305eff7092	0.006154383771729474	0.00044193494739095865	0.006407316707612675	-0.0037309604989568513	-0.0006264544684269413
e54bcf1c8ec24811e7c355b8d82fa59e	-0.005237152192157754	-0.00469418354319338	0.003665516291391585	-0.0032427789994082545	0.002629549072660225
5b220f66423e4004eb3520bfae1f25d0	-0.015956677431561764	-0.006764023247840312	-0.003132144840456802	0.002398196664074205	0.003066251550677663
959a178855242ad3833af85d38ccff45	-0.015956677431561764	-0.006764023247840312	-0.003132144840456802	0.002398196664074205	0.003066251550677663
e6dfd15b38618c3c7ff0a025083f56d4	0.0031469630308341686	0.0010249453846525002	-0.0017764303994943567	0.00020004357783129646	-0.0037836211855072515
3253177a44672689e4e154e842d63e35	0.00314228836120599	0.0005394310457959721	-0.00040302508708004353	-9.083354471240172e-05	-0.0032499524687881077
b815913c61abb4a540babe5c3fae17e7	-0.05949606550300109	-0.029725021360157977	0.0032658893724534658	-0.0026289087817925063	0.02376405391519683
45c36b8b2965484407b8b213419d4c6c	-0.006405096603051135	-0.005566986850678131	0.004521301861059855	-0.003877261055465592	0.0036223927069992355
e9f0399c43aff643ceb1480929cf89b2	0.018933864550701566	9.134277206293823e-05	0.025072289424807985	-0.013745030421339715	0.0024642835237472984
2b427cf77172293239bc1c1cdb32ace4	-0.018089939468308464	-0.00761079657077546	-0.0034124136147021165	0.002681621087468611	0.0037882077801898537
a841dd7e2f38b26bb7bb37179b4141d5	0.012763938944123202	-0.00767525289691519	0.005439202439381745	0.025896488751824407	0.007264206010398049
73291cac0e802b6a1fb25ae7079390ef	0.012763938944123202	-0.00767525289691519	0.005439202439381745	0.025896488751824407	0.007264206010398049
63145f49e7efc26729094a53d97c0cd1	0.014419884606380558	-0.008302457043695673	0.004648728682107289	0.023614313147028925	0.011435255563512884
678424c0e69dd311d2b536cfd69a91a4	-0.054542621867350254	-0.02686327107719361	-0.00045206338649746185	0.008388412589327283	0.015143881797725089
f8753b9f13abb306b57aedce2cf6e7d0	-0.03562120191209257	-0.026391205411306573	0.020616566158537502	-0.01159349708255868	0.021996485443494338
99e6b8fa779ca2689cdc55d164e593e8	-0.03253236485374529	-0.02007632070223382	0.01448787900193057	0.0016369277353474676	0.010298131238757145
e03d5567ab978eb82490f359c51912b1	-0.05409172953884112	-0.027663772784661502	0.0012828081845427458	0.008493915529494783	0.014974477173995245
421da954b88f7175953a73ea34b933e0	-0.037243318250552535	-0.022407320716308802	0.00678790188692148	0.005870181774942478	0.010209839385419753
20fb19136419ba2826c941aa152fa0eb	-0.12402417986522092	-0.07280558842466792	0.035843237101086944	-0.01614390750633218	0.052323410632256186
4aa8e1c58af1b89f613fe3bf2b81604e	-0.056562397050615595	-0.023734806592715704	-0.009749936135163235	0.0057498705241786855	0.015716062762582944
c7312d5390945aa1e45badeeba28a998	0.002140548560610966	0.0005289076969770541	-0.0013677145544651772	0.0001744214188280627	-0.0032627322156214477
9584fe0b6843a9817e1c217bb65caea8	0.050564884005541724	-0.0023007336042566327	0.08079387785727851	-0.042495008032112924	0.01582924624510485
251eb140eb9387372897c5f7db6f954c	0.04196611281537159	-0.01050640665328877	0.08621619828044785	-0.0488434996977167	0.02272540546203343
c66348656c079cbbc916b2c2832f311b	-0.020360923977992162	-0.008512237212606667	-0.003710776419596824	0.0029833432688544117	0.004556773191119024
457c3dbae079470f3cf0bf146c191e1f	-0.020360923977992162	-0.008512237212606667	-0.003710776419596824	0.0029833432688544117	0.004556773191119024
4ea8ed64f727e17c2ecf3616119876eb	-0.020360923977992162	-0.008512237212606667	-0.003710776419596824	0.0029833432688544117	0.004556773191119024
2b6445815ec98d21dbe9640083f30d2f	-0.020360923977992162	-0.008512237212606667	-0.003710776419596824	0.0029833432688544117	0.004556773191119024
1ea96d595539133266a3dbd49daac1e4	0.015863225033615584	0.04206738436988953	0.009000513189834573	0.03711730273322954	0.03731206421351917
f95cdb71258ef6cc222c673ea4546caf	0.016254405684258007	-0.014741178430333152	0.007364006331546552	0.0286365120833627	0.008342639473861232
1e1e0cca52fab68a8c7ba5256aeadd6d	0.013843089127552164	-0.008376252955018287	0.006021111305655973	0.02825867668484922	0.008175693800389112
1395953fab837ed426f9b2ba24da41b1	0.030016004563489355	-0.0031245020373937655	-0.06739739292551492	-0.06781401785423485	0.06732725799996483
b2d056fa113334bd2797397b162c6ac9	0.00991594905113848	-0.00994979480765563	-0.016894417396607412	-0.024370618211571514	0.011081072361761793
94ca1389331a3a9230237844cfd545f6	-0.0039463921256100995	-0.003284416728172045	0.0006972845656250783	0.0010453503895061595	-0.0008801438866773943
15992a34ae0f42d6b5a21eeaaef674ba	-0.0022876956849383896	-0.0017084104385317659	-0.0014931621335080932	6.934982880596448e-05	-0.0016227166130824186
b46e36edac9cab660cec7ee6f1a335a3	-0.08798246904672599	-0.049313788302352814	0.01790191212369526	-0.02102948200201527	0.043895859732123566
2ce0fa88ec7cfdda2eeb0698cdad47e8	-0.0022876956849383896	-0.0017084104385317659	-0.0014931621335080932	6.934982880596448e-05	-0.0016227166130824186
0310f41e594c49368dde5c5993a7a5d0	-0.0022876956849383896	-0.0017084104385317659	-0.0014931621335080932	6.934982880596448e-05	-0.0016227166130824186
82e72255267397b777a1afd44ea22755	-0.005369093835675681	-0.0022908439651908837	-0.00195892763681912	0.00042267646725726687	-0.0009079080655132349
5ec803f68f3c48cd9ce6436ccbd5b1e3	-0.02049385958609752	-0.00936201916964632	0.004048440639515588	0.00038955966811794914	0.0069924468848986945
9d17e47f8102cca1e9a0a5b0776bb85a	0.062185197170788624	-0.000511518549947095	0.08115627061674832	-0.042138304974215175	0.014015538337320893
e6953e3ef3e20c6b169ef7a759d868df	0.0037016471398589336	-0.0018446241272456012	-0.000762069068687496	0.003299732935329912	-0.0012957697573692045
025dd300b0ccbd9d5898969c2a1ab138	-0.008977603268195277	-0.007489417665811624	0.006406249518989763	-0.005274767052239319	0.005809223555249428
9cd30ed12a411f643a9f6c145e3b59d8	-0.022788648376750553	-0.009475893913422686	-0.0040297317704749164	0.0033058898552681343	0.005378383815144985
8fbf42d21b6c9c4a4e8e260ad1d6a1ab	-0.022788648376750553	-0.009475893913422686	-0.0040297317704749164	0.0033058898552681343	0.005378383815144985
a6e9c3caf38d8be5744751bea41aa62f	-0.022788648376750553	-0.009475893913422686	-0.0040297317704749164	0.0033058898552681343	0.005378383815144985
9c6b4f83513e63a49ce33a8aeb1813ad	0.017440312881515815	-0.015884569363983032	0.008006796794603385	0.03085142645249855	0.009198943773276779
7e4d5b19d3213719048fe55dfad0da3a	0.015002247023427855	-0.009129224844229863	0.006646162635285148	0.030795996175828327	0.009154758887887169
ae25381e186978a7230f03484baede7c	-0.06264244729048851	-0.03361428278530267	0.004459816158199079	0.010071100235577536	0.01767298776395025
2328e11c4256f1f05395b7a377381279	-0.0038791416401797447	-0.002519297079746473	-0.0017781801715596895	3.254478781864298e-05	-0.0011146238452326854
b3406cb10b6d6882837eaacbaec3553e	-0.06333576931401258	-0.0288612084058986	-0.012187853843137763	0.0031336696430122432	0.01684098499192847
de35e106a779f81d63e2e058bf18799c	-0.011716148146069983	0.07809419884232775	-0.0020726280096899524	0.023116197505612113	0.036087411144004794
2835a5008083ae7290acbca001520ad1	-0.007676196201135538	-0.0028499123526061817	0.005131244999782043	-2.5446974100372812e-05	-3.6562598993396746e-05
81fad06bda8cf753d87288f1d080da88	0.011424724865696675	0.0009279196856813781	0.013883113213456	-0.007694281217134287	0.0014652683032959936
9930e78f4486e70ced513d619dae53fb	0.011424724865696675	0.0009279196856813781	0.013883113213456	-0.007694281217134287	0.0014652683032959936
65fbdc4707be0814fa4faf52571cc2b5	0.011424724865696675	0.0009279196856813781	0.013883113213456	-0.007694281217134287	0.0014652683032959936
5e793ed595a0793ab477b17e78421bc5	-0.001075658474366585	-0.0013505244950029265	-5.75747742491974e-06	0.0002887676281281358	-0.0016545829564595814
538c01338d48c71522ac629b17a01c9d	-0.010405306885739641	-0.008556338683522988	0.007452367932042554	-0.006050362464359272	0.007022882728734784
8b300bb35321f8c125cdc4c3a242bbc0	-0.010405306885739641	-0.008556338683522988	0.007452367932042554	-0.006050362464359272	0.007022882728734784
5454ea14c70f0323a5e836aba10947b8	-0.010405306885739641	-0.008556338683522988	0.007452367932042554	-0.006050362464359272	0.007022882728734784
0f006e3e638afedde4892706134a4fb9	-0.025396363177751756	-0.01051099569148575	-0.004372334328561296	0.0036523499014882222	0.006260908283749442
3f61c9eee7bfb0326d3efb8da077b0da	-0.025396363177751756	-0.01051099569148575	-0.004372334328561296	0.0036523499014882222	0.006260908283749442
8c001c89f020a1b78b26ee21d1d56746	0.004762176590827427	-0.032364839614977	0.0094403655079477	0.0306720495866943	0.03240942251535852
5a61388e52a8005b6747280b9332d2de	-0.006988587460877806	-0.005284026624305538	0.0016824362420228597	0.0015988962183347128	0.00022213758175119492
a5e8aaab366d42b670d589ada160581c	-0.046824700426275775	-0.033451769653726315	0.02558122698361279	-0.021504649472341476	0.0327146010437756
9b07cccc73bd232ffb6edb9427194c06	-0.007773740132542634	-0.003143184884762119	-0.002357078708551859	0.0005273754063093775	-0.00024174437858535982
7456c5136c45202afcf8000e2a8a01c5	-0.001915559749465991	0.024651589817319842	0.0027050498671450486	0.007886513251689682	0.006434688609702929
99f9d85c50cec960adab2a3f0f401371	0.07133361326198755	-0.00012570144132908366	0.09149617291406686	-0.04714349590172274	0.017159444595290525
76e8305b47ef8b35c452b5490589fc95	-0.011947344266907039	-0.009708701170979493	0.008582261894789183	-0.006888069326941857	0.008333734498326932
328cf8ca7cded30705336cf036a2df45	0.028090186304011867	0.00015502222914747473	0.03833474988516865	-0.0208368087037853	0.005086762348742358
9f6a3b261bc6acafa3d4a6d2de87f924	-0.028212909730658764	-0.011628990781973438	-0.004742373281296776	0.004026555258809711	0.007214107325665233
2f09559bc1ffcc3ea06ae2766194920b	-0.028212909730658764	-0.011628990781973438	-0.004742373281296776	0.004026555258809711	0.007214107325665233
6bd57e46e038faafe4bb747e1d494df7	0.0341954275363448	-0.003635011763536624	-0.0765653815309724	-0.0770923614729693	0.07744033171300717
37d242005eb3c4239ad2c00158ea99a1	0.02443825944288063	-0.016589134657105035	0.0792075489019975	-0.033521928600120376	0.0210600270190506
e9849de9c0f7be74e13c457f05177aad	-0.010560729899428948	-0.006023951652267003	0.006359914899522622	-0.0010734452462490968	0.0024152098627019123
72cbf125e17c4e14d748543564d3d4ec	-0.010560729899428948	-0.006023951652267003	0.006359914899522622	-0.0010734452462490968	0.0024152098627019123
b59d5976acdb148c29f724d6b7990410	-0.041758674847356736	-0.01880291026383637	-0.0085668121261161	0.000336211651978433	0.009997944351201337
7b9b46a7c3fb8b76b1c68911a9b56da1	-0.06814296285403108	-0.02627242440443538	-0.011754195944764846	0.0070804065867142085	0.018187614389043007
4cecaa1cfabe89a905940ae23dd94a64	0.014706686110258403	0.001230553433304156	0.018538461694125034	-0.010162331152595993	0.0027678316381473177
bf6066f701b31c6bba541503797da013	-0.0747593155024744	-0.045822367278480644	0.025987251481680136	-0.020852124786113226	0.04287524172019733
ca1b627f011b52798bfb8fd2c6b76d20	0.030859577379116754	0.00017428250907960515	0.04234607021907626	-0.02298176472555538	0.0058799487011078335
029cc71dc93341de90188b686798aa0d	-0.03127467014640317	-0.012844320636727243	-0.005144628524193317	0.00443333964134509	0.008250293676588874
c9ffd432429a7600931358e3a09860f5	-0.03127467014640317	-0.012844320636727243	-0.005144628524193317	0.00443333964134509	0.008250293676588874

Site	34	5
L1S105	-0.0902632821336814	0.2024018682521047	0.29383478590005463	0.2733036180164621	-0.11861099730284894
L1S140	-0.3510455302480596	0.041167382815918696	-0.04886153477751942	-0.08661535141245019	-0.10741923338245964
L1S208	-0.33031305186075083	0.17996962998828225	-0.09370606784555618	-0.24136640793660236	0.16921124270691904
L1S257	-0.30281585840003994	-0.009800256781384381	-0.14948026979866047	-0.355726135745399	-0.0486715068809781
L1S281	-0.3198366427990597	-0.07226584757681301	-0.1425905264994324	-0.23527769987832203	-0.21630118514634844
L1S57	-0.20700689033127373	0.00619366516786151	0.29033446229089044	0.20740630619639164	-0.10639775530828714
L1S76	-0.19360847178339052	-5.705860496209981e-05	0.17346038821853701	0.15427071203846385	-0.2512948161730159
L1S8	-0.0971933634179351	0.2426260358156143	0.20736882310644877	0.33663552942014807	0.05392358376745181
L2S155	0.14346578869373097	0.22347341072619764	-0.1402311826190091	-0.17882741643458275	-0.11788331382563438
L2S175	0.15747825206312208	0.11424717724683878	-0.23536340548957335	0.009700721053953707	0.028807954560458617
L2S204	0.18795641975696892	0.18286377544118088	0.21436559636413677	-0.11104153168358942	0.028380947396886784
L2S222	0.11526305081586531	0.09538877295988528	0.09352802069717918	-0.04334577886348715	0.12717914202726158
L2S240	0.04413413569066291	-0.3635697196913753	-0.10115850854694494	-0.026083703073637218	0.14983789834236597
L2S309	0.11974907727251083	0.118355275335949	-0.07256465051141914	-0.024616571673427123	0.026689008795599187
L2S357	0.13113525366512177	0.05567321238354896	-0.1493518572489756	0.030108277380799204	0.21845288952048125
L2S382	-0.07548192072352884	-0.05118762762239194	-0.22889534333011619	0.23858509434549338	0.10462400569887943
L3S242	-0.12202354492254743	0.10864245354972421	0.18389505808624007	0.15565041654152337	0.2838287263777513
L3S294	0.0844803353249372	0.11227208568262649	-0.014750374222883585	-0.09574754822399076	0.11127912196934996
L3S313	0.14087868084806335	0.08877688118618661	-0.15411806324828572	0.0122896918123149	0.21092223684327382
L3S341	0.0847363304593106	0.15504614344178483	-0.05479418758735913	0.04530585019957269	0.07576594750817457
L3S360	0.14907593332225494	0.08872513438994489	0.1367289414810488	-0.08551932476720524	0.132072290405518
L3S378	-0.24917722777574094	0.09710788603034412	0.0344519908610025	-0.14903881086331763	0.2213401721181643
L4S112	0.1650395044236041	0.17376478437702667	-0.29754622227395094	0.15866840969656154	-0.4423035497198146
L4S137	-0.05596317404910346	-0.08988599724214168	-0.4681341974884629	0.43300001042597164	0.0326660554958714
L4S63	0.20838322349385668	0.21985897529180137	0.04655054089227674	-0.20336422630136655	-0.408977582884125
L5S104	0.24136771574767973	-0.10069252737524881	0.11263067115491933	-0.23513441800816826	0.0714553730018036
L5S155	0.17852154136964546	-0.13255664499541603	0.05939477095682181	-0.030076131375249903	0.18532809331883296
L5S174	0.007748456045048856	-0.23361086550049612	0.07554545193862679	0.02074464769236512	0.06584415512336683
L5S203	0.13898358016876447	-0.17808798186693234	0.1471103224472033	-0.0025961077488173357	-0.04546441756790979
L5S222	-0.06287901897360895	-0.2570548096221809	0.12794153210932196	-0.09711939304288503	-0.006767164901636064
L5S240	-0.06054023171277177	-0.20529602550614773	-0.05092305708377346	0.07698219661427914	0.06540138346865705
L6S20	0.044798165730208735	-0.2909595260535625	0.01711778075047553	0.007901804517990612	-0.1436883709907766
L6S68	0.06550228313535693	-0.2698220824636164	0.0185310605464517	0.02659786195504493	-0.1872108991044634
L6S93	0.10945048110477885	-0.2517075791801529	0.16967925077028703	0.014345409125163426	-0.1620194352587681

Biplot	0	0

Site constraints	0	0
